acc: 0.7074074074074074
f1: 0.7627627627627627
precision: 0.679144385026738
recall: 0.8698630136986302
