acc: 0.7466666666666667
f1: 0.7782101167315175
precision: 0.7692307692307693
recall: 0.7874015748031497
