acc: 0.7244444444444444
f1: 0.7753623188405797
precision: 0.6993464052287581
recall: 0.8699186991869918
