acc: 0.7277777777777777
f1: 0.7741935483870968
precision: 0.7058823529411765
recall: 0.8571428571428571
